Input1:
main(3,1,5,[15,13,11]).

Output1:
Triplets Possible : 
[5, 5, 5]
[4, 4, 5]
[3, 3, 5]

No of triplets with atleast maxScore : 
3
------------------------------------------------------------------------------------------------------

Input 2:
main(6, 2, 8, [29,20,8,18,18,21]).

Output2:
Triplets Possible : 
[9, 10, 10]
[6, 6, 8]
[2, 3, 3]
[6, 6, 6]
[6, 6, 6]
[6, 7, 8]

No of triplets with atleast maxScore : 
3
------------------------------------------------------------------------------------------------------

Input 3:
main(17, 1, 5, [26, 27, 11, 12, 27, 23, 11, 12, 24, 20, 12, 5,12, 12, 16, 11, 12]).

Found no solution with cost -17.0 .. -9.0
Triplets Possible : 
[8, 9, 9]
[9, 9, 9]
[3, 3, 5]
[4, 4, 4]
[9, 9, 9]
[7, 8, 8]
[3, 4, 4]
[4, 4, 4]
[8, 8, 8]
[6, 7, 7]
[4, 4, 4]
[1, 2, 2]
[4, 4, 4]
[4, 4, 4]
[5, 5, 6]
[3, 4, 4]
[4, 4, 4]

No of triplets with atleast maxScore : 
8
------------------------------------------------------------------------------------------------------
Input4:
main(15, 14, 6, [29, 4, 14, 11, 14, 14, 14, 15, 8, 15, 15, 15, 22, 15, 11]).

Output4:
Found a solution with cost -11
Found no solution with cost -14.0 .. -12.0
Triplets Possible : 
[9, 10, 10]
[0, 2, 2]
[4, 4, 6]
[3, 3, 5]
[4, 4, 6]
[4, 4, 6]
[4, 4, 6]
[4, 5, 6]
[2, 2, 4]
[4, 5, 6]
[4, 5, 6]
[4, 5, 6]
[6, 8, 8]
[4, 5, 6]
[3, 3, 5]

No of triplets with atleast maxScore : 
11

------------------------------------------------------------------------------------------------------
Input5:
main(64,38,1,[30, 13, 28, 21, 24, 4, 13, 4, 26, 8, 16, 22, 6, 21, 26, 17, 9, 24, 3, 26, 10, 23, 15, 28, 18, 24, 21, 10, 16, 7, 19, 14, 21, 3, 28, 6, 5, 9, 14, 26, 12, 9, 15, 10, 11, 8, 22, 20, 4, 30, 24, 8, 19, 29, 2, 26, 20, 19, 28, 0, 3, 19, 11, 2]).

Output5:
Found a solution with cost -63
Triplets Possible : 
[10, 10, 10]
[3, 5, 5]
[8, 10, 10]
[6, 7, 8]
[7, 8, 9]
[0, 2, 2]
[3, 5, 5]
[0, 2, 2]
[8, 8, 10]
[2, 2, 4]
[4, 6, 6]
[6, 8, 8]
[1, 2, 3]
[6, 7, 8]
[8, 8, 10]
[5, 5, 7]
[2, 3, 4]
[7, 8, 9]
[0, 1, 2]
[8, 8, 10]
[2, 4, 4]
[7, 7, 9]
[4, 5, 6]
[8, 10, 10]
[5, 6, 7]
[7, 8, 9]
[6, 7, 8]
[2, 4, 4]
[4, 6, 6]
[1, 3, 3]
[5, 7, 7]
[4, 4, 6]
[6, 7, 8]
[0, 1, 2]
[8, 10, 10]
[1, 2, 3]
[1, 1, 3]
[2, 3, 4]
[4, 4, 6]
[8, 9, 9]
[4, 4, 4]
[3, 3, 3]
[5, 5, 5]
[3, 3, 4]
[3, 4, 4]
[2, 3, 3]
[7, 7, 8]
[6, 7, 7]
[1, 1, 2]
[10, 10, 10]
[8, 8, 8]
[2, 3, 3]
[6, 6, 7]
[9, 10, 10]
[0, 1, 1]
[8, 9, 9]
[6, 7, 7]
[6, 6, 7]
[9, 9, 10]
[0, 0, 0]
[1, 1, 1]
[6, 6, 7]
[3, 4, 4]
[0, 1, 1]

No of triplets with atleast maxScore : 
63

